[[284.04304268 282.25948213 282.25948213 282.25948213 282.25948213
  282.25948213 282.25948213 282.25948213 282.25948213 282.25948213
  282.25948213 282.25948213 282.25948213 282.25948213 282.25948213
  282.25948213 282.25948213 282.25948213 282.25948213 282.25948213
  282.25948213 282.25948213 282.25948213 282.25948213 282.25948213
  282.25948213 282.25948213 282.25948213 282.25948213 282.25948213
  282.25948213 282.25948213 282.25948213 282.25948213 282.25948213
  282.25948213 282.25948213 282.25948213 282.25948213 282.25948213
  282.25948213]
 [287.06770883 287.06770883 287.06770883 287.06770883 287.06770883
  287.06770883 287.06770883 287.06770883 287.06770883 287.06770883
  287.06770883 287.06770883 287.06770883 287.06770883 287.06770883
  287.06770883 287.06770883 287.06770883 287.06770883 287.06770883
  287.06770883 287.06770883 287.06770883 287.06770883 287.06770883
  287.06770883 287.06770883 287.06770883 287.06770883 287.06770883
  287.06770883 287.06770883 287.06770883 287.06770883 287.06770883
  287.06770883 287.06770883 287.06770883 287.06770883 287.06770883
  287.06770883]
 [288.91568092 288.91568092 288.91568092 288.91568092 288.91568092
  288.91568092 288.91568092 288.91568092 288.91568092 288.91568092
  288.91568092 288.91568092 288.91568092 288.91568092 288.91568092
  288.91568092 288.91568092 288.91568092 288.91568092 288.91568092
  288.91568092 288.91568092 288.91568092 288.91568092 288.91568092
  288.91568092 288.91568092 288.91568092 288.91568092 288.91568092
  288.91568092 288.91568092 288.91568092 288.91568092 288.91568092
  288.91568092 288.91568092 288.91568092 288.91568092 288.91568092
  288.91568092]
 [287.06984997 287.06984997 287.06984997 287.06984997 287.06984997
  287.06984997 287.06984997 287.06984997 287.06984997 287.06984997
  287.06984997 287.06984997 287.06984997 287.06984997 287.06984997
  287.06984997 287.06984997 287.06984997 287.06984997 287.06984997
  287.06984997 287.06984997 287.06984997 287.06984997 287.06984997
  287.06984997 287.06984997 287.06984997 287.06984997 287.06984997
  287.06984997 287.06984997 287.06984997 287.06984997 287.06984997
  287.06984997 287.06984997 287.06984997 287.06984997 287.06984997
  287.06984997]
 [285.64058749 285.64058749 285.64058749 285.64058749 285.64058749
  285.64058749 285.64058749 285.64058749 285.64058749 285.64058749
  285.64058749 285.64058749 285.64058749 285.64058749 285.64058749
  285.64058749 285.64058749 285.64058749 285.64058749 285.64058749
  285.64058749 285.64058749 285.64058749 285.64058749 285.64058749
  285.64058749 285.64058749 285.64058749 285.64058749 285.64058749
  285.64058749 285.64058749 285.64058749 285.64058749 285.64058749
  285.64058749 285.64058749 285.64058749 285.64058749 285.64058749
  285.64058749]
 [287.61428551 287.507455   287.507455   287.507455   287.507455
  287.507455   287.507455   287.507455   287.507455   287.507455
  287.507455   287.507455   287.507455   287.507455   287.507455
  287.507455   287.507455   287.507455   287.507455   287.507455
  287.507455   287.507455   287.507455   287.507455   287.507455
  287.507455   287.507455   287.507455   287.507455   287.507455
  287.507455   287.507455   287.507455   287.507455   287.507455
  287.507455   287.507455   287.507455   287.507455   287.507455
  287.507455  ]
 [287.28193476 286.9545188  286.9545188  286.9545188  286.9545188
  286.9545188  286.9545188  286.9545188  286.9545188  286.9545188
  286.9545188  286.9545188  286.9545188  286.9545188  286.9545188
  286.9545188  286.9545188  286.9545188  286.9545188  286.9545188
  286.9545188  286.9545188  286.9545188  286.9545188  286.9545188
  286.9545188  286.9545188  286.9545188  286.9545188  286.9545188
  286.9545188  286.9545188  286.9545188  286.9545188  286.9545188
  286.9545188  286.9545188  286.9545188  286.9545188  286.9545188
  286.9545188 ]
 [286.34910622 283.96288878 281.84261536 281.84261536 281.84261536
  281.84261536 281.84261536 281.84261536 281.84261536 281.84261536
  281.84261536 281.84261536 281.84261536 281.84261536 281.84261536
  281.84261536 281.84261536 281.84261536 281.84261536 281.84261536
  281.84261536 281.84261536 281.84261536 281.84261536 281.84261536
  281.84261536 281.84261536 281.84261536 281.84261536 281.84261536
  281.84261536 281.84261536 281.84261536 281.84261536 281.84261536
  281.84261536 281.84261536 281.84261536 281.84261536 281.84261536
  281.84261536]
 [283.02560733 283.02560733 283.02560733 283.02560733 283.02560733
  283.02560733 283.02560733 283.02560733 283.02560733 283.02560733
  283.02560733 283.02560733 283.02560733 283.02560733 283.02560733
  283.02560733 283.02560733 283.02560733 283.02560733 283.02560733
  283.02560733 283.02560733 283.02560733 283.02560733 283.02560733
  283.02560733 283.02560733 283.02560733 283.02560733 283.02560733
  283.02560733 283.02560733 283.02560733 283.02560733 283.02560733
  283.02560733 283.02560733 283.02560733 283.02560733 283.02560733
  283.02560733]
 [286.18681538 286.18681538 286.18681538 286.18681538 286.18681538
  286.18681538 286.18681538 286.18681538 286.18681538 286.18681538
  286.18681538 286.18681538 286.18681538 286.18681538 286.18681538
  286.18681538 286.18681538 286.18681538 286.18681538 286.18681538
  286.18681538 286.18681538 286.18681538 286.18681538 286.18681538
  286.18681538 286.18681538 286.18681538 286.18681538 286.18681538
  286.18681538 286.18681538 286.18681538 286.18681538 286.18681538
  286.18681538 286.18681538 286.18681538 286.18681538 286.18681538
  286.18681538]
 [284.44354249 284.44354249 284.44354249 284.44354249 284.44354249
  284.44354249 284.44354249 284.44354249 284.44354249 284.44354249
  284.44354249 284.44354249 284.44354249 284.44354249 284.44354249
  284.44354249 284.44354249 284.44354249 284.44354249 284.44354249
  284.44354249 284.44354249 284.44354249 284.44354249 284.44354249
  284.44354249 284.44354249 284.44354249 284.44354249 284.44354249
  284.44354249 284.44354249 284.44354249 284.44354249 284.44354249
  284.44354249 284.44354249 284.44354249 284.44354249 284.44354249
  284.44354249]
 [284.62229865 284.41535931 283.31344493 283.31344493 283.31344493
  283.31344493 283.31344493 283.31344493 283.31344493 283.31344493
  283.31344493 283.31344493 283.31344493 283.31344493 283.31344493
  283.31344493 283.31344493 283.31344493 283.31344493 283.31344493
  283.31344493 283.31344493 283.31344493 283.31344493 283.31344493
  283.31344493 283.31344493 283.31344493 283.31344493 283.31344493
  283.31344493 283.31344493 283.31344493 283.31344493 283.31344493
  283.31344493 283.31344493 283.31344493 283.31344493 283.31344493
  283.31344493]
 [285.41490391 285.41490391 285.41490391 285.41490391 285.41490391
  285.41490391 285.41490391 285.41490391 285.41490391 285.41490391
  285.41490391 285.41490391 285.41490391 285.41490391 285.41490391
  285.41490391 285.41490391 285.41490391 285.41490391 285.41490391
  285.41490391 285.41490391 285.41490391 285.41490391 285.41490391
  285.41490391 285.41490391 285.41490391 285.41490391 285.41490391
  285.41490391 285.41490391 285.41490391 285.41490391 285.41490391
  285.41490391 285.41490391 285.41490391 285.41490391 285.41490391
  285.41490391]
 [286.971295   283.78636829 283.78636829 283.78636829 283.78636829
  283.78636829 283.78636829 283.78636829 283.78636829 283.78636829
  283.78636829 283.78636829 283.78636829 283.78636829 283.78636829
  283.78636829 283.78636829 283.78636829 283.78636829 283.78636829
  283.78636829 283.78636829 283.78636829 283.78636829 283.78636829
  283.78636829 283.78636829 283.78636829 283.78636829 283.78636829
  283.78636829 283.78636829 283.78636829 283.78636829 283.78636829
  283.78636829 283.78636829 283.78636829 283.78636829 283.78636829
  283.78636829]
 [287.86864579 285.19920152 285.19920152 285.19920152 285.19920152
  285.19920152 285.19920152 285.19920152 285.19920152 285.19920152
  285.19920152 285.19920152 285.19920152 285.19920152 285.19920152
  285.19920152 285.19920152 285.19920152 285.19920152 285.19920152
  285.19920152 285.19920152 285.19920152 285.19920152 285.19920152
  285.19920152 285.19920152 285.19920152 285.19920152 285.19920152
  285.19920152 285.19920152 285.19920152 285.19920152 285.19920152
  285.19920152 285.19920152 285.19920152 285.19920152 285.19920152
  285.19920152]
 [285.42874706 285.42874706 285.42874706 285.42874706 285.42874706
  285.42874706 285.42874706 285.42874706 285.42874706 285.42874706
  285.42874706 285.42874706 285.42874706 285.42874706 285.42874706
  285.42874706 285.42874706 285.42874706 285.42874706 285.42874706
  285.42874706 285.42874706 285.42874706 285.42874706 285.42874706
  285.42874706 285.42874706 285.42874706 285.42874706 285.42874706
  285.42874706 285.42874706 285.42874706 285.42874706 285.42874706
  285.42874706 285.42874706 285.42874706 285.42874706 285.42874706
  285.42874706]
 [286.20808355 286.20808355 286.20808355 286.20808355 286.20808355
  286.20808355 286.20808355 286.20808355 286.20808355 286.20808355
  286.20808355 286.20808355 286.20808355 286.20808355 286.20808355
  286.20808355 286.20808355 286.20808355 286.20808355 286.20808355
  286.20808355 286.20808355 286.20808355 286.20808355 286.20808355
  286.20808355 286.20808355 286.20808355 286.20808355 286.20808355
  286.20808355 286.20808355 286.20808355 286.20808355 286.20808355
  286.20808355 286.20808355 286.20808355 286.20808355 286.20808355
  286.20808355]
 [287.29009987 286.35391853 286.35391853 286.35391853 286.35391853
  286.35391853 286.35391853 286.35391853 286.35391853 286.35391853
  286.35391853 286.35391853 286.35391853 286.35391853 286.35391853
  286.35391853 286.35391853 286.35391853 286.35391853 286.35391853
  286.35391853 286.35391853 286.35391853 286.35391853 286.35391853
  286.35391853 286.35391853 286.35391853 286.35391853 286.35391853
  286.35391853 286.35391853 286.35391853 286.35391853 286.35391853
  286.35391853 286.35391853 286.35391853 286.35391853 286.35391853
  286.35391853]
 [283.35967243 283.35967243 283.35967243 283.35967243 283.35967243
  283.35967243 283.35967243 283.35967243 283.35967243 283.35967243
  283.35967243 283.35967243 283.35967243 283.35967243 283.35967243
  283.35967243 283.35967243 283.35967243 283.35967243 283.35967243
  283.35967243 283.35967243 283.35967243 283.35967243 283.35967243
  283.35967243 283.35967243 283.35967243 283.35967243 283.35967243
  283.35967243 283.35967243 283.35967243 283.35967243 283.35967243
  283.35967243 283.35967243 283.35967243 283.35967243 283.35967243
  283.35967243]
 [287.54296726 287.10937901 287.10937901 287.10937901 287.10937901
  287.10937901 287.10937901 287.10937901 287.10937901 287.10937901
  287.10937901 287.10937901 287.10937901 287.10937901 287.10937901
  287.10937901 287.10937901 287.10937901 287.10937901 287.10937901
  287.10937901 287.10937901 287.10937901 287.10937901 287.10937901
  287.10937901 287.10937901 287.10937901 287.10937901 287.10937901
  287.10937901 287.10937901 287.10937901 287.10937901 287.10937901
  287.10937901 287.10937901 287.10937901 287.10937901 287.10937901
  287.10937901]
 [285.10168783 283.69271242 283.69271242 283.69271242 283.69271242
  283.69271242 283.69271242 283.69271242 283.69271242 283.69271242
  283.69271242 283.69271242 283.69271242 283.69271242 283.69271242
  283.69271242 283.69271242 283.69271242 283.69271242 283.69271242
  283.69271242 283.69271242 283.69271242 283.69271242 283.69271242
  283.69271242 283.69271242 283.69271242 283.69271242 283.69271242
  283.69271242 283.69271242 283.69271242 283.69271242 283.69271242
  283.69271242 283.69271242 283.69271242 283.69271242 283.69271242
  283.69271242]
 [285.75807616 285.75807616 285.75807616 285.75807616 285.75807616
  285.75807616 285.75807616 285.75807616 285.75807616 285.75807616
  285.75807616 285.75807616 285.75807616 285.75807616 285.75807616
  285.75807616 285.75807616 285.75807616 285.75807616 285.75807616
  285.75807616 285.75807616 285.75807616 285.75807616 285.75807616
  285.75807616 285.75807616 285.75807616 285.75807616 285.75807616
  285.75807616 285.75807616 285.75807616 285.75807616 285.75807616
  285.75807616 285.75807616 285.75807616 285.75807616 285.75807616
  285.75807616]
 [284.72536711 283.19129623 283.19129623 283.19129623 283.19129623
  283.19129623 283.19129623 283.19129623 283.19129623 283.19129623
  283.19129623 283.19129623 283.19129623 283.19129623 283.19129623
  283.19129623 283.19129623 283.19129623 283.19129623 283.19129623
  283.19129623 283.19129623 283.19129623 283.19129623 283.19129623
  283.19129623 283.19129623 283.19129623 283.19129623 283.19129623
  283.19129623 283.19129623 283.19129623 283.19129623 283.19129623
  283.19129623 283.19129623 283.19129623 283.19129623 283.19129623
  283.19129623]
 [285.20726718 285.20726718 285.20726718 285.20726718 285.20726718
  285.20726718 285.20726718 285.20726718 285.20726718 285.20726718
  285.20726718 285.20726718 285.20726718 285.20726718 285.20726718
  285.20726718 285.20726718 285.20726718 285.20726718 285.20726718
  285.20726718 285.20726718 285.20726718 285.20726718 285.20726718
  285.20726718 285.20726718 285.20726718 285.20726718 285.20726718
  285.20726718 285.20726718 285.20726718 285.20726718 285.20726718
  285.20726718 285.20726718 285.20726718 285.20726718 285.20726718
  285.20726718]
 [285.36422678 283.80943974 283.80943974 283.80943974 283.80943974
  283.80943974 283.80943974 283.80943974 283.80943974 283.80943974
  283.80943974 283.80943974 283.80943974 283.80943974 283.80943974
  283.80943974 283.80943974 283.80943974 283.80943974 283.80943974
  283.80943974 283.80943974 283.80943974 283.80943974 283.80943974
  283.80943974 283.80943974 283.80943974 283.80943974 283.80943974
  283.80943974 283.80943974 283.80943974 283.80943974 283.80943974
  283.80943974 283.80943974 283.80943974 283.80943974 283.80943974
  283.80943974]]
