[[280.87706385 280.87706385 280.87706385 272.32123353 264.95255264
  264.95255264 264.95255264 260.70050203 256.10934854 253.29984027
  253.29984027 253.29984027 247.61649656 242.96649808 242.96649808
  242.96649808 241.04802176 235.12334252 231.28617901 229.71882613
  229.71882613 224.27819733 219.18402998 219.18402998 219.18402998
  213.07718658 208.87042038 208.87042038 208.87042038 208.03859901
  202.46195124 197.47892597 197.47892597 197.47892597 197.47892597
  195.71392136 188.96984558 185.48226711 185.48226711 185.48226711
  185.48226711]
 [286.63708715 286.63708715 286.63708715 276.38711394 268.75477551
  268.75477551 268.75477551 268.37297968 257.62446445 251.80780696
  251.80780696 251.80780696 251.80780696 249.96040181 242.42045993
  238.40284017 238.40284017 238.40284017 238.40284017 235.45365317
  230.20112661 227.13969025 227.13969025 227.13969025 223.65477055
  218.07804416 216.07233175 216.07233175 216.07233175 211.45030438
  208.09058573 205.98478939 205.98478939 203.65657607 203.1166745
  199.97030174 197.34765011 197.34765011 197.34765011 194.49588199
  190.61533545]
 [287.85277628 287.85277628 287.85277628 280.53637755 273.1510877
  272.6936577  272.6936577  272.6936577  267.02522461 260.33702531
  260.33702531 260.33702531 257.0766103  249.33690947 244.72257535
  244.72257535 244.72257535 244.72257535 237.8825293  233.90755283
  233.90755283 233.90755283 232.70440558 226.74251039 219.99084731
  219.99084731 219.99084731 219.99084731 214.70336494 210.51091189
  210.51091189 210.51091189 210.51091189 205.71511072 201.55135782
  200.78640187 200.78640187 200.78640187 194.86225591 190.92152703
  190.92152703]
 [286.42986204 286.42986204 286.42986204 274.52365851 270.83709347
  270.83709347 270.83709347 269.4030236  262.29953057 256.98526698
  256.98526698 256.98526698 254.95068554 246.26763325 241.73645231
  241.73645231 241.73645231 241.73645231 234.98999415 225.7433481
  225.7433481  225.7433481  225.7433481  222.26543299 215.85640826
  213.80090255 213.80090255 213.80090255 213.80090255 206.9295978
  203.51913058 203.51913058 203.51913058 203.51913058 199.81382277
  196.27289451 196.27289451 196.27289451 196.27289451 194.55398857
  190.47241687]
 [285.84173011 285.84173011 285.84173011 276.41967661 272.19567506
  268.01475654 268.01475654 268.01475654 263.11684285 258.77085041
  258.77085041 258.77085041 255.42472404 247.50508017 247.50508017
  247.50508017 244.77680904 241.41662019 240.14589492 240.14589492
  240.14589492 235.00022462 232.82973506 230.43310659 228.99654619
  228.42147744 226.23630997 224.04524969 222.83047633 221.38896676
  219.02360195 218.77532876 217.0242692  214.11455542 213.85306065
  213.85306065 212.17990262 208.14260587 208.14260587 208.14260587
  206.19451434]
 [283.38386073 283.38386073 283.38386073 273.08445787 267.2022313
  267.2022313  267.2022313  267.2022313  260.2160149  255.16208504
  255.16208504 255.16208504 251.32183457 246.3766903  243.49512117
  243.49512117 243.49512117 236.72613928 229.7557056  229.7557056
  229.7557056  229.7557056  229.01160569 223.41552737 220.69113873
  220.69113873 220.69113873 220.69113873 215.87453143 213.19453403
  213.19453403 213.19453403 209.59102358 206.66531706 206.12972762
  206.12972762 203.92060635 201.24161398 199.30256409 198.94265447
  198.94265447]
 [285.67107374 285.67107374 285.67107374 285.00370677 276.75041174
  272.89396206 267.42447995 267.42447995 267.42447995 262.32612249
  255.06310182 255.06310182 255.06310182 247.3783533  244.52986389
  244.52986389 244.10500577 238.42776206 237.154452   237.154452
  237.154452   233.65362499 230.19108313 228.67167924 228.67167924
  228.67167924 223.69975922 221.92679946 221.12691206 219.92179771
  218.41617854 216.19426223 214.82001183 213.98609159 212.19866358
  205.87044938 205.22989043 205.22989043 202.78159943 199.96361133
  199.96361133]
 [286.00720754 286.00720754 286.00720754 275.69594677 270.86625597
  270.86625597 270.86625597 270.86625597 264.15731231 259.15176625
  255.18528362 255.18528362 255.18528362 246.01740488 239.69968705
  239.69968705 239.69968705 239.69968705 236.00524333 230.33628555
  226.39709392 226.39709392 226.39709392 226.39709392 220.09294163
  215.55281182 215.55281182 215.55281182 215.55281182 215.55281182
  211.12622681 206.57428809 206.57428809 206.57428809 203.3759333
  198.77559301 195.25807764 195.25807764 195.25807764 194.58357714
  189.94371967]
 [282.64267152 282.64267152 282.64267152 277.88611099 270.91500472
  268.60202432 268.60202432 268.60202432 267.3661144  258.3582849
  255.74281708 255.74281708 254.9724866  250.59729897 243.40165959
  243.40165959 243.40165959 243.40165959 243.40165959 236.85966692
  233.75802742 233.75802742 233.75802742 232.07309272 226.26007282
  223.40652933 223.40652933 223.40652933 223.34320279 218.10382478
  212.98827918 212.98827918 212.98827918 211.61464671 207.30729852
  205.62575555 203.93725777 203.51559139 200.83514076 197.41622237
  197.41622237]
 [283.18686305 283.18686305 283.18686305 281.71748173 270.91653173
  269.94413149 269.94413149 265.55859793 261.936375   259.17276787
  258.62661216 257.74230986 251.97411888 250.44702778 250.44702778
  250.44702778 244.56813297 238.78241653 237.5400901  237.5400901
  237.5400901  229.89574568 225.5112201  225.5112201  225.5112201
  224.42607416 215.32214524 211.58987748 211.58987748 211.58987748
  208.60562166 204.23248559 202.75946361 202.75946361 202.75946361
  200.72456236 196.13149102 189.93376717 189.93376717 189.93376717
  189.93376717]
 [286.26751592 286.26751592 286.26751592 278.97929266 273.10861656
  273.10861656 273.10861656 273.10861656 264.21227347 258.20993881
  258.20993881 258.20993881 258.20993881 254.39524163 247.71846276
  247.71846276 247.71846276 244.0734176  239.08972767 234.82760443
  234.82760443 234.82760443 229.3209186  222.50742855 222.50742855
  222.50742855 222.50742855 221.1917612  217.72805474 214.37586515
  213.95758301 213.95758301 213.8429393  205.81732    203.01628206
  203.01628206 203.01628206 202.82517858 197.55773807 196.29214261
  196.29214261]
 [284.24800445 284.24800445 284.24800445 279.89714498 269.43767175
  269.43767175 269.43767175 267.40615662 261.57969404 257.11008162
  257.11008162 254.96430151 254.59161173 248.85309821 245.09352994
  245.09352994 245.09352994 238.21185883 232.70117236 232.70117236
  232.70117236 232.70117236 226.99817536 221.03793417 221.03793417
  221.03793417 221.03793417 218.3158757  214.04034741 210.89912589
  210.89912589 210.89912589 205.08256177 200.77552243 199.88476218
  199.88476218 198.38705164 191.82101002 190.25266489 190.25266489
  190.25266489]
 [283.51336101 283.51336101 283.51336101 280.06542903 272.98435661
  270.87862903 270.87862903 270.87862903 262.02384262 254.50150277
  254.50150277 254.50150277 254.50150277 253.14779287 243.64414163
  241.55392845 241.55392845 241.55392845 236.35994992 228.85957085
  228.85957085 228.85957085 227.53115824 221.86385191 218.78717525
  218.78717525 218.78717525 217.46030058 210.872155   207.91439101
  207.91439101 207.91439101 207.91439101 203.20228518 198.65862443
  198.65862443 198.65862443 198.65862443 190.82030475 187.52024905
  187.52024905]
 [283.92445996 283.92445996 283.92445996 279.3466552  270.21892163
  270.21892163 270.21892163 270.21892163 265.04963481 257.11743237
  256.01136357 256.01136357 256.01136357 249.91077135 241.6614318
  241.6614318  241.6614318  241.6614318  236.02735976 230.75696887
  230.75696887 230.75696887 226.41153176 215.81380747 214.80108753
  214.80108753 214.80108753 211.32161488 208.02193451 205.75287333
  205.75287333 205.75287333 204.85802403 199.28006908 196.57831669
  196.57831669 196.57831669 196.57831669 191.93393743 190.41761383
  190.41761383]
 [284.98643235 284.98643235 284.98643235 278.8413376  268.90868723
  266.00636159 266.00636159 264.49776736 258.66492016 256.03346554
  254.63080163 251.71405416 248.79968321 240.19886782 236.81664518
  236.81664518 236.81664518 228.31609476 226.43604625 226.43604625
  226.43604625 220.72042361 217.54021808 217.54021808 217.54021808
  214.31525565 209.94639252 206.51944152 206.51944152 206.51944152
  201.20670397 199.6303248  196.08317353 191.51677595 191.51677595
  191.51677595 187.57252088 185.29247913 185.29247913 185.29247913
  183.62261475]
 [284.77277733 284.77277733 284.77277733 277.38144085 270.95488065
  270.95488065 270.95488065 269.1924548  264.91869247 258.04775011
  258.04775011 258.04775011 257.72192384 253.89756254 249.04057637
  249.04057637 249.04057637 249.04057637 244.30010013 240.50324635
  239.69235451 239.69235451 236.70130009 231.93467423 229.06224905
  229.06224905 229.06224905 226.08035717 221.80571491 221.38581232
  221.38581232 219.75159573 216.88605327 213.75535213 213.75535213
  213.75535213 210.23286097 203.31444465 202.59056497 202.59056497
  201.91445154]
 [285.05130439 285.05130439 285.05130439 281.78275964 275.25767259
  271.61443847 271.61443847 271.61443847 261.02440572 254.83822095
  254.83822095 254.83822095 254.83822095 254.83822095 247.96956852
  243.00151495 243.00151495 243.00151495 243.00151495 232.01844355
  228.83006706 228.83006706 228.83006706 225.89621449 221.37818116
  220.11307029 220.11307029 220.11307029 217.01364921 212.09299126
  210.28983365 210.28983365 210.28983365 204.80145313 200.03961891
  200.03961891 200.03961891 200.03961891 200.03961891 194.21859859
  192.48880252]
 [283.08773027 283.08773027 283.08773027 276.66047287 269.59991823
  269.59991823 269.59991823 269.59991823 269.59991823 256.35681747
  253.90398208 253.90398208 253.90398208 250.73387771 243.19781196
  242.40796606 242.40796606 242.3863695  234.66299243 231.09700447
  231.09700447 231.09700447 230.91856757 223.23560553 220.57248684
  220.57248684 220.57248684 216.43706095 211.17107653 210.60742741
  210.60742741 209.88669933 202.89071191 201.95960574 201.95960574
  201.95960574 200.03108905 196.55642593 196.11663369 196.11663369
  196.11663369]
 [289.05836891 289.05836891 289.05836891 278.46640158 268.4027653
  268.4027653  268.4027653  268.4027653  268.4027653  262.90273912
  258.39030257 257.46291209 257.46291209 255.06089571 247.18830584
  244.2265571  244.2265571  244.2265571  239.55951033 235.13205696
  235.13205696 235.13205696 234.30599564 227.36806365 224.71749613
  224.71749613 224.71749613 224.36734765 219.40172072 216.28163584
  216.28163584 216.28163584 210.20870822 208.1952769  206.51459668
  204.44953623 201.94082315 201.0901146  199.56798298 197.82123126
  196.57100096]
 [286.57976129 286.57976129 286.57976129 280.46969753 273.70124153
  273.13765371 273.13765371 273.13765371 264.07017811 259.68987712
  259.68987712 259.68987712 259.68987712 250.18807528 245.76840844
  245.76840844 245.76840844 245.76840844 240.0755772  235.34179013
  235.34179013 235.34179013 235.34179013 227.29329056 222.11517319
  222.11517319 222.11517319 221.75782826 214.53878905 209.54546157
  209.54546157 209.54546157 209.54546157 205.09009624 200.43816333
  200.43816333 200.43816333 200.43816333 198.61133914 195.19145704
  192.88395728]
 [284.84155494 284.84155494 284.84155494 279.5281536  271.97621449
  268.87695177 268.87695177 268.87695177 263.30191226 255.56930883
  255.56930883 255.56930883 255.56930883 255.56930883 247.98197024
  245.64163558 244.44435933 243.82158387 239.80103163 236.84009701
  236.81576249 236.81576249 231.95860031 228.54322401 228.54322401
  228.54322401 228.54322401 223.11249693 221.271616   219.91434667
  219.91434667 217.92853297 212.4247741  210.41726441 210.41726441
  210.41726441 206.33348607 200.23813891 200.23813891 200.23813891
  200.23813891]
 [282.41138874 282.41138874 282.41138874 279.6750163  273.36188882
  268.05072773 268.05072773 267.16254158 259.38400006 256.45556155
  256.45556155 252.40308048 248.3137844  245.39895909 244.2468022
  244.1178557  240.5302117  231.70627569 231.70627569 231.70627569
  229.38721057 225.94317069 223.92717047 223.92717047 223.92717047
  220.77828648 217.20775552 217.20775552 217.20775552 217.18934838
  211.90055753 209.80413973 209.80413973 209.80413973 205.56450513
  203.07432169 202.25018604 202.25018604 200.18422898 196.37152479
  192.0012516 ]
 [286.78995633 286.78995633 286.78995633 276.38829331 270.08830202
  270.08830202 270.08830202 270.08830202 260.02341837 257.04962359
  257.04962359 256.98492262 252.12563961 248.09482588 248.09482588
  248.09482588 246.27966977 240.17184648 237.4091603  237.4091603
  237.4091603  233.24467023 229.23913073 229.23913073 229.23913073
  226.91625009 220.47290349 220.18071473 220.18071473 217.07555706
  212.48320401 210.12735254 210.12735254 210.12735254 206.52039384
  198.97288961 198.97288961 198.97288961 198.97288961 195.97722346
  191.47683993]
 [287.30390227 287.30390227 287.30390227 279.14154523 270.99414998
  270.99414998 270.99414998 270.99414998 270.99414998 266.25168935
  257.57777273 257.57777273 257.57777273 252.76490128 248.11147672
  242.95616365 242.95616365 242.95616365 236.65481127 232.77275467
  230.07517193 230.07517193 227.6232021  223.0849126  220.94730728
  220.94730728 216.95954476 213.52845854 211.0308707  209.55605275
  209.55605275 209.55605275 204.50396446 200.34242637 200.34242637
  200.34242637 200.34242637 199.80852511 196.63245938 193.65047073
  192.73716671]
 [283.52312655 283.52312655 283.52312655 272.25460572 266.22014827
  266.22014827 266.22014827 260.78942981 254.30680467 254.03710339
  254.03710339 254.03710339 246.33731873 243.64738428 243.64738428
  243.64738428 239.36679314 236.38098775 236.38098775 236.38098775
  235.90284255 232.41776272 227.65893588 227.65893588 227.65893588
  225.93686778 218.69764514 215.37603856 215.37603856 215.37603856
  210.67066114 206.47260617 205.53035854 205.53035854 205.53035854
  198.11025567 197.66335384 197.66335384 197.40049249 195.10290791
  193.67802666]]
