[[ -62.60475704  -68.36964604  -80.33681151  -88.84821218 -117.7522384
  -120.82674403 -139.34892894 -139.4613496  -160.33815605 -160.42983893
  -175.701198   -178.64806063 -184.81133482 -189.25843991 -199.19485235
  -208.05199453 -208.05199453 -208.05199453 -208.05199453 -208.05199453
  -208.05199453 -208.05199453 -208.05199453 -208.05199453 -208.05199453
  -208.05199453 -208.05199453 -214.971919   -222.15489532 -222.15489532
  -223.94836566 -223.94836566 -224.28353582 -224.28353582 -225.37017166
  -233.11514738 -233.11514738 -234.31609383 -235.75256522 -236.59474624
  -240.23526884]
 [ -66.922234    -92.66640746 -109.35040472 -118.64333492 -125.75684784
  -137.92020812 -168.314997   -168.314997   -178.95083941 -179.70840276
  -182.34777292 -188.56783115 -200.80100367 -200.89327506 -201.19847597
  -201.19847597 -201.19847597 -201.19847597 -201.19847597 -201.19847597
  -201.19847597 -201.19847597 -204.09704989 -204.09704989 -211.25886212
  -215.407943   -215.407943   -215.407943   -220.54121285 -229.07270615
  -229.07270615 -229.07270615 -231.36289102 -231.36289102 -232.35463656
  -233.42859135 -233.98206479 -234.99072675 -238.04266782 -238.04266782
  -238.04266782]
 [ -78.67277206  -88.69335028 -111.66177272 -117.96711148 -125.53086313
  -134.68291472 -142.6360823  -156.01733416 -162.07746993 -171.44531913
  -178.49204006 -187.40132455 -203.86964216 -208.88869866 -208.88869866
  -208.88869866 -208.88869866 -208.88869866 -208.88869866 -211.44193639
  -211.44193639 -211.44193639 -211.44193639 -211.44193639 -212.56406692
  -212.56406692 -219.62904828 -221.78376701 -226.93980772 -226.93980772
  -226.93980772 -228.65252706 -228.65252706 -231.86023713 -231.86023713
  -231.86023713 -235.42802392 -235.42802392 -237.84381449 -237.84381449
  -237.84381449]
 [ -76.16532551  -81.18561766  -99.37799378 -109.24678105 -114.55267945
  -127.60755442 -136.9273042  -144.19772885 -156.16619925 -167.46966524
  -180.70230085 -188.67749958 -193.97354177 -193.97354177 -211.97724582
  -211.97724582 -211.97724582 -211.97724582 -211.97724582 -211.97724582
  -211.97724582 -211.97724582 -211.97724582 -211.97724582 -215.32977952
  -216.20805071 -217.72210705 -221.76325373 -221.76325373 -221.76325373
  -221.76325373 -221.76325373 -222.62541415 -222.62541415 -226.10766351
  -230.92861746 -230.92861746 -230.92861746 -231.90235091 -233.57283646
  -234.29412577]
 [ -70.06226253  -84.19681806  -95.02390932 -110.68345213 -117.90017436
  -125.73528859 -136.74742249 -147.61290198 -156.30413686 -171.67587081
  -174.74853351 -187.50637398 -198.58002771 -214.55457841 -214.55457841
  -214.55457841 -214.55457841 -214.55457841 -214.55457841 -214.55457841
  -214.55457841 -214.55457841 -214.55457841 -214.55457841 -214.55457841
  -214.55457841 -215.94175493 -215.94175493 -223.02753402 -223.62906325
  -225.13956786 -226.45913477 -233.75184434 -233.7916877  -236.74916332
  -236.74916332 -236.90099785 -237.00010905 -238.84330656 -239.62550665
  -239.62550665]
 [ -62.02205745  -79.68301693  -92.0787362  -115.86338957 -125.79087649
  -129.51427852 -144.29036934 -163.38094116 -166.34212795 -183.43890554
  -186.08021509 -198.40073321 -200.39232261 -204.23076504 -204.23076504
  -204.23076504 -204.23076504 -204.23076504 -204.23076504 -204.23076504
  -204.23076504 -204.23076504 -204.23076504 -204.23076504 -204.23076504
  -206.82444829 -208.91247446 -214.17495595 -215.02719337 -221.97285788
  -229.15458283 -229.15458283 -230.70807521 -233.01489781 -233.01489781
  -234.60318258 -234.60318258 -234.60318258 -237.46450914 -237.46450914
  -239.42192694]
 [ -64.37604879  -75.11937029  -86.89556296  -98.62656717 -110.77303873
  -121.80149302 -129.2668496  -147.64153984 -156.92980141 -171.84243509
  -171.84243509 -188.50909009 -194.80406708 -194.80406708 -194.80406708
  -195.54143889 -195.54143889 -199.05655943 -199.05655943 -199.05655943
  -199.05655943 -199.05655943 -199.05655943 -203.13524851 -203.41842864
  -203.41842864 -205.3926819  -214.2851003  -218.99086897 -218.99086897
  -227.9425625  -227.9425625  -227.9425625  -227.9425625  -227.9425625
  -229.43076626 -229.43076626 -230.6233664  -231.91535601 -235.02125473
  -235.02125473]
 [ -73.216614    -84.00564784  -93.89348864 -111.44208165 -117.07430851
  -126.9254474  -132.53331679 -143.3646989  -174.33597581 -178.5260002
  -180.93706203 -188.75123326 -197.05520395 -197.05520395 -205.93072099
  -205.93072099 -205.93072099 -205.93072099 -205.93072099 -205.93072099
  -205.93072099 -205.93072099 -205.93072099 -205.93072099 -205.93072099
  -207.39654599 -207.39654599 -211.59823837 -218.75182318 -218.75182318
  -218.75182318 -222.99007494 -224.30827472 -232.40301933 -232.40301933
  -232.40301933 -232.46761215 -233.38008316 -234.92262323 -236.78186245
  -238.11661303]
 [ -71.3410247   -87.10698757  -90.01094059  -97.04047267 -123.87861036
  -143.14174501 -148.57583734 -153.25519597 -165.46959193 -183.60267392
  -183.60267392 -188.19550442 -188.19550442 -191.37587255 -195.00974627
  -195.00974627 -195.82289228 -208.15617881 -208.15617881 -208.15617881
  -208.15617881 -208.15617881 -208.15617881 -208.15617881 -214.02950989
  -214.02950989 -214.02950989 -215.18764813 -219.65763535 -219.65763535
  -223.29347775 -223.29347775 -229.88845156 -229.88845156 -229.88845156
  -231.09208243 -231.88906901 -232.7560825  -234.9609369  -238.19881279
  -238.19881279]
 [ -83.11629884  -91.04804553 -102.66128557 -116.63888862 -131.63820961
  -142.57442774 -148.7141988  -169.03912794 -173.21389271 -179.05157769
  -188.79849005 -189.82086437 -199.09029468 -199.09029468 -200.87817485
  -208.01309642 -208.01309642 -208.01309642 -208.01309642 -208.01309642
  -208.01309642 -208.01309642 -208.01309642 -209.42272269 -221.42561125
  -221.42561125 -221.42561125 -221.42561125 -221.42561125 -223.43326301
  -226.1028758  -226.56408732 -228.58923984 -233.47551885 -233.47551885
  -234.79405853 -234.79405853 -236.79848174 -237.28922191 -237.28922191
  -238.25241668]
 [ -77.96791148  -89.98277747  -99.16063984 -102.63118356 -119.09998994
  -123.33363257 -138.85320777 -155.2132886  -160.78437422 -175.68201781
  -175.68201781 -182.35664714 -192.16001496 -192.93292745 -199.20932413
  -199.20932413 -199.20932413 -199.20932413 -199.20932413 -199.20932413
  -199.20932413 -199.20932413 -202.55363242 -210.07264447 -217.22299901
  -217.22299901 -217.22299901 -217.22299901 -219.09283892 -222.01782486
  -224.68192108 -228.72512328 -228.72512328 -228.72512328 -233.32574575
  -233.52832794 -233.52832794 -233.55146692 -234.37463274 -238.00643379
  -239.38814158]
 [ -63.87914651  -78.75982132  -99.14235775 -107.94194935 -114.8228329
  -132.45843312 -139.78930588 -154.72095121 -173.6588675  -179.1705272
  -179.1705272  -183.53201455 -193.70395638 -193.70395638 -193.70395638
  -202.03996902 -203.41845874 -203.41845874 -203.41845874 -203.41845874
  -203.41845874 -203.41845874 -205.12150698 -214.90411935 -214.90411935
  -215.42930643 -217.67473205 -222.2147078  -224.57963574 -224.57963574
  -224.57963574 -224.57963574 -224.68558584 -224.68558584 -229.80286103
  -230.75442717 -231.86650573 -231.86650573 -231.95440525 -233.20590356
  -236.39814238]
 [ -69.70119317  -83.70185339 -108.14770961 -114.41674948 -137.18921077
  -146.00804543 -159.37903216 -164.66460439 -171.53455241 -182.78282927
  -183.6634846  -202.81108003 -202.85938411 -202.85938411 -202.85938411
  -202.85938411 -202.85938411 -202.85938411 -202.85938411 -202.85938411
  -202.85938411 -209.4413994  -209.4413994  -209.4413994  -209.69073838
  -209.83094916 -217.27887808 -217.83249281 -217.83249281 -227.58691915
  -228.12707436 -228.12707436 -228.12707436 -228.12707436 -231.48316006
  -235.53955042 -235.53955042 -235.53955042 -237.65617768 -237.65617768
  -241.37064664]
 [ -75.66000015  -88.88549679 -101.11401731 -105.02313782 -132.36032929
  -137.68500329 -154.06088321 -165.04896444 -177.33402299 -182.43196915
  -184.93169769 -188.95385573 -201.45454166 -205.98679906 -205.98679906
  -205.98679906 -205.98679906 -205.98679906 -205.98679906 -205.98679906
  -205.98679906 -205.98679906 -205.98679906 -213.23621876 -213.23621876
  -213.23621876 -213.23621876 -223.14304842 -223.14304842 -223.62664854
  -226.54241073 -226.98799036 -226.98799036 -226.98799036 -228.7294691
  -230.06130381 -234.4817666  -237.76839882 -237.76839882 -239.47649117
  -239.47649117]
 [ -63.80393296  -80.99781351  -92.99036942 -106.31664753 -124.11695145
  -132.95362556 -145.24870644 -162.63270058 -162.63270058 -203.65153325
  -203.65153325 -203.65153325 -203.65153325 -203.65153325 -203.65153325
  -203.65153325 -203.65153325 -203.65153325 -203.65153325 -203.65153325
  -203.65153325 -203.65153325 -203.65153325 -203.65153325 -203.65153325
  -203.65153325 -207.15963846 -214.12195994 -214.55394014 -214.55394014
  -216.91324721 -223.9873505  -225.74590345 -230.15093268 -232.18408466
  -232.18408466 -236.97696216 -236.97696216 -236.97696216 -236.97696216
  -236.97696216]
 [ -62.37935271  -80.21530949  -96.04416082  -98.6991766  -109.81789724
  -112.79591653 -126.96052649 -128.52196782 -137.61186154 -148.73442318
  -165.68572285 -175.62633357 -201.71869165 -207.27676259 -207.27676259
  -211.07405281 -212.83093222 -212.83093222 -212.83093222 -212.83093222
  -212.83093222 -212.83093222 -212.83093222 -212.83093222 -212.83093222
  -212.83093222 -217.05567907 -217.05567907 -224.98691025 -224.98691025
  -224.98691025 -224.98691025 -224.98691025 -224.98691025 -224.98691025
  -229.35952547 -230.38197668 -236.11445496 -236.11445496 -236.11445496
  -236.40604056]
 [ -74.33893758  -84.35613452 -100.00338465 -115.86475955 -132.0057017
  -132.0057017  -148.32017005 -160.59032497 -173.25233709 -176.79725964
  -190.38120655 -190.38120655 -197.42752919 -201.84870107 -208.20776574
  -208.20776574 -208.20776574 -208.20776574 -208.20776574 -208.20776574
  -208.20776574 -208.20776574 -211.83061804 -213.76987549 -213.76987549
  -213.76987549 -214.42985464 -216.67094772 -226.87217812 -226.87217812
  -229.74716489 -231.90438606 -231.90438606 -232.20294085 -232.20294085
  -233.49054845 -235.75776572 -237.63947094 -237.63947094 -238.98606474
  -238.98606474]
 [ -77.06913469  -90.63531714  -98.92083199 -113.03875163 -123.30014288
  -134.81508216 -150.56503397 -157.9639434  -166.36480918 -176.28408639
  -194.82284892 -194.97633564 -197.37221776 -197.37221776 -198.49495844
  -198.49495844 -198.49495844 -198.49495844 -198.49495844 -198.49495844
  -204.98908312 -212.10452596 -214.26806929 -214.26806929 -214.26806929
  -214.26806929 -214.26806929 -217.95035597 -218.98822243 -221.84505871
  -222.92948916 -225.95865174 -225.95865174 -232.77683131 -232.77683131
  -232.77683131 -232.77683131 -235.99386633 -235.99386633 -235.99386633
  -236.02237541]
 [ -77.83296624  -92.57294947  -95.23211177  -97.79793615 -116.5588164
  -136.01026523 -146.63287633 -151.0786126  -155.01747221 -172.55071247
  -178.14831782 -187.18471448 -198.74642452 -198.74642452 -199.54194524
  -201.14772528 -201.14772528 -201.14772528 -201.14772528 -201.14772528
  -209.74393722 -209.74393722 -209.74393722 -209.74393722 -209.74393722
  -209.74393722 -209.74393722 -212.13468601 -212.13468601 -215.593205
  -222.83558597 -223.37523172 -223.37523172 -226.58772615 -226.58772615
  -228.32326513 -233.01943436 -233.90954037 -235.51648438 -235.51648438
  -235.51648438]
 [ -68.84942625  -79.3532009   -89.77530012 -104.45766999 -111.05178201
  -126.29278641 -144.09272371 -157.07067197 -162.97726715 -178.54216368
  -186.5339496  -191.69716554 -194.5450585  -194.5450585  -205.11506596
  -206.44418286 -206.44418286 -206.44418286 -206.44418286 -206.44418286
  -206.44418286 -206.44418286 -206.44418286 -206.44418286 -213.55853604
  -213.55853604 -213.55853604 -217.1903812  -217.1903812  -217.1903812
  -217.1903812  -223.07243575 -223.07243575 -228.09692008 -228.09692008
  -228.09692008 -230.01208942 -230.01208942 -231.44525582 -236.26693542
  -237.88429895]
 [ -75.14054552  -76.60575664  -90.08764326 -100.48980559 -112.02270212
  -126.47960969 -138.24137251 -145.04795123 -159.43828992 -173.27084978
  -185.78610605 -185.78610605 -197.1528307  -209.05015036 -217.91889524
  -217.91889524 -217.91889524 -217.91889524 -217.91889524 -217.91889524
  -217.91889524 -217.91889524 -217.91889524 -217.91889524 -217.91889524
  -217.91889524 -217.91889524 -217.91889524 -217.91889524 -224.49750952
  -224.49750952 -224.49750952 -224.49750952 -227.2493772  -227.2493772
  -230.18048104 -230.18048104 -234.09525304 -234.54751984 -234.54751984
  -235.47503675]
 [ -58.03568925  -77.32304068  -91.64380435 -101.76850633 -119.90203794
  -131.48495487 -140.4526384  -156.15353454 -164.55438325 -178.7929481
  -188.70657675 -192.54577628 -201.59310916 -201.59310916 -201.59310916
  -201.59310916 -201.59310916 -201.59310916 -201.59310916 -201.59310916
  -201.59310916 -201.59310916 -201.59310916 -201.59310916 -203.5190994
  -203.5190994  -205.80141665 -208.28707882 -217.33466846 -221.32287566
  -221.32287566 -224.01922385 -227.11095595 -227.11095595 -227.11095595
  -228.82733182 -228.82733182 -231.20041623 -233.93861254 -234.50991593
  -236.51610536]
 [ -76.25520063  -94.86012239 -102.43796886 -104.19225685 -117.59413587
  -140.73540907 -153.98355256 -156.82593542 -163.20284377 -177.3410944
  -190.33129802 -191.16781423 -197.84941475 -197.84941475 -197.84941475
  -199.48086999 -201.73079595 -201.73079595 -201.73079595 -201.73079595
  -201.73079595 -204.15328938 -204.15328938 -215.88724637 -215.88724637
  -217.54818792 -217.54818792 -230.90137481 -230.90137481 -230.90137481
  -230.90137481 -230.90137481 -230.90137481 -230.90137481 -233.46540563
  -237.29170627 -237.29170627 -237.29170627 -237.8465022  -238.99089717
  -240.04527674]
 [ -75.33177429  -95.17814697 -104.65980966 -129.08140532 -141.979644
  -146.19859327 -162.82790207 -175.43634747 -175.43634747 -183.28706683
  -188.50941072 -188.50941072 -188.50941072 -188.50941072 -195.97635946
  -197.15469956 -197.15469956 -203.64435764 -203.64435764 -203.64435764
  -206.28056348 -206.28056348 -206.28056348 -207.90802499 -207.90802499
  -212.08562495 -212.08562495 -215.22102833 -216.76884254 -221.14284573
  -225.04667218 -226.93481389 -226.93481389 -227.00715408 -229.64552504
  -232.02361955 -233.29208742 -233.8331867  -237.3958761  -237.3958761
  -239.12928713]
 [ -60.3393555   -84.29134896  -88.26454593 -113.31498711 -123.74621689
  -141.17931931 -146.31676865 -160.93312361 -167.59226056 -184.37447317
  -194.70330275 -194.70330275 -194.70330275 -194.70330275 -199.66027572
  -199.66027572 -199.66027572 -199.66027572 -199.66027572 -199.66027572
  -199.76345901 -199.76345901 -199.76345901 -199.76345901 -199.76345901
  -207.68232318 -207.68232318 -207.68232318 -215.25780616 -215.25780616
  -219.25344249 -222.07422313 -222.07422313 -222.44225728 -224.24815055
  -230.10251437 -230.10251437 -230.10251437 -230.10251437 -233.10059307
  -234.52570869]]
