[[  21.15975377   -6.54238043   -6.54238043  -19.37225923  -29.62638582
   -34.1056595   -51.44141059  -57.01194994  -62.4352752   -74.91645556
   -92.1222481  -107.81192058 -107.81192058 -108.61461552 -108.61461552
  -113.61178881 -113.61178881 -114.80223282 -114.80223282 -114.80223282
  -117.07641606 -117.07641606 -117.07641606 -117.07641606 -117.07641606
  -117.07641606 -118.2974303  -123.84841845 -125.50740997 -129.2969805
  -129.42311152 -130.69492549 -135.32464213 -135.92217995 -135.92217995
  -135.92217995 -137.60529104 -141.31898832 -143.01611971 -144.86267632
  -146.30137152]
 [  31.95990695   16.97707194    4.96528401   -5.80129557  -13.58607441
   -22.54100454  -35.06356283  -47.91536441  -60.55271548  -63.75713978
   -74.78876234  -77.93979739  -84.95720823  -98.75132845 -106.17366313
  -111.96799296 -114.72835479 -114.72835479 -114.72835479 -114.72835479
  -114.72835479 -114.72835479 -114.72835479 -114.72835479 -114.72835479
  -114.72835479 -114.72835479 -114.72835479 -115.87561086 -115.87561086
  -127.58239436 -127.58239436 -130.19917727 -130.19917727 -132.49324354
  -136.44207107 -136.44207107 -136.44207107 -140.32977858 -141.40032375
  -144.35241746]
 [  17.73855895   -5.0348363   -21.81429045  -29.81927137  -45.5396175
   -56.59594497  -62.21440118  -69.3267735   -91.92716953  -91.92716953
   -96.88942523 -105.17834119 -105.17834119 -105.17834119 -105.17834119
  -105.17834119 -105.17834119 -105.17834119 -106.55033941 -109.82304132
  -109.82304132 -109.82304132 -109.82304132 -109.82304132 -109.82304132
  -109.82304132 -109.82304132 -116.24962728 -128.56252534 -134.90644309
  -134.90644309 -134.90644309 -135.80619306 -135.80619306 -135.80619306
  -135.80619306 -135.80619306 -135.851982   -135.851982   -136.86278464
  -139.24625393]
 [  26.30413761   16.24108936    8.40819489   -2.98015799  -11.45982356
   -26.97140802  -38.79193565  -53.64195642  -74.88751756  -76.18155518
   -93.96188078 -101.43515644 -101.43515644 -101.43515644 -111.45329544
  -117.16162147 -117.16162147 -117.16162147 -117.16162147 -117.16162147
  -117.16162147 -117.16162147 -117.16162147 -117.16162147 -117.16162147
  -117.16162147 -117.16162147 -117.16162147 -117.16162147 -117.16162147
  -117.16162147 -125.9631968  -125.9631968  -128.56604614 -128.56604614
  -129.4356548  -132.24024888 -137.16076509 -137.86516868 -137.86516868
  -139.64988348]
 [  26.68165398   13.34759119   -7.32423738  -12.78844676  -24.59036943
   -34.24504331  -46.22225112  -63.5245231   -73.3910131   -83.15995528
   -87.58765032  -92.62487632  -99.37266423  -99.37785682 -101.42382346
  -106.20183593 -106.20183593 -106.20183593 -106.20183593 -106.20183593
  -106.73713915 -106.73713915 -106.73713915 -108.20985385 -118.15228001
  -118.15228001 -123.11612274 -123.11612274 -123.11612274 -126.08663249
  -126.95692581 -131.22536025 -131.22536025 -131.22536025 -134.21680991
  -139.16790816 -139.16790816 -140.54933162 -141.13867144 -141.13867144
  -141.13867144]
 [  10.53680453   10.53680453   -3.85667793  -14.01431489  -24.5579721
   -37.12472768  -43.36467724  -59.97745758  -74.73413211  -83.68371009
  -102.4932101  -105.58525203 -105.58525203 -106.01548836 -109.35176827
  -109.35176827 -109.35176827 -109.35176827 -109.35176827 -109.35176827
  -109.35176827 -109.35176827 -109.35176827 -109.35176827 -109.35176827
  -109.35176827 -109.35176827 -118.33969832 -125.48722041 -130.29424794
  -130.29424794 -132.24162039 -132.24162039 -135.58967602 -142.58701783
  -142.58701783 -143.0788313  -143.0788313  -143.0788313  -143.81039266
  -143.81039266]
 [  24.14371615   10.01153106    3.17445514  -13.97037593  -25.09514685
   -34.20240277  -55.38679948  -75.30105132  -89.2203307   -94.76224027
   -96.21249976 -101.0956873  -101.0956873  -101.0956873  -101.0956873
  -101.44276302 -101.44276302 -101.44276302 -101.44276302 -108.85565991
  -108.85565991 -113.58185409 -113.58185409 -113.58185409 -113.58185409
  -116.89366706 -117.96862475 -117.96862475 -120.48362824 -126.57791378
  -131.70141726 -133.1079257  -133.84064692 -136.00796334 -138.16684583
  -139.51415444 -140.06415524 -144.40693508 -144.40693508 -144.40693508
  -144.45868054]
 [  20.52388332    6.48515526  -10.37586827  -33.29709281  -46.44591227
   -46.44591227  -61.32257009  -64.63481241  -80.00579545  -86.17270234
  -100.06727564 -111.32154273 -111.32154273 -113.40222899 -113.40222899
  -113.40222899 -113.40222899 -113.40222899 -113.40222899 -113.40222899
  -113.40222899 -113.40222899 -113.40222899 -113.40222899 -117.91907851
  -117.91907851 -122.00672342 -122.54439451 -124.57616927 -124.57616927
  -136.71138091 -136.71138091 -136.71138091 -136.71138091 -136.71138091
  -136.71138091 -140.40224161 -142.21074275 -142.21074275 -142.21074275
  -142.21074275]
 [  17.17549785   16.67295225   -6.06352975  -13.24027856  -27.58163477
   -40.41119631  -59.58272001  -69.68970921  -76.5028476   -76.5028476
   -90.68370357  -90.68370357 -101.63111391 -115.9645435  -115.9645435
  -125.53124894 -125.53124894 -125.53124894 -125.53124894 -125.53124894
  -125.53124894 -125.53124894 -125.53124894 -125.53124894 -125.53124894
  -125.53124894 -125.90200111 -125.90200111 -126.39566212 -129.00482227
  -129.00482227 -129.21246966 -131.13136661 -137.69372552 -139.89898902
  -139.89898902 -139.89898902 -143.00294266 -143.00294266 -143.65943764
  -143.65943764]
 [  21.66427963   -6.78556324  -22.92565325  -27.8557044   -59.95773021
   -59.95773021  -73.41598925  -76.31388567  -92.81733638  -92.81733638
   -94.19764754  -94.19764754  -99.43827935  -99.43827935  -99.43827935
   -99.43827935 -106.01818413 -106.01818413 -106.01818413 -118.3872671
  -118.3872671  -118.3872671  -125.04567482 -127.05857011 -129.07532595
  -129.07532595 -129.07532595 -129.07532595 -129.07532595 -129.14844507
  -130.62940433 -136.20279463 -136.66061999 -136.66061999 -139.68321685
  -139.68321685 -139.69478493 -141.67537502 -143.61916936 -143.76318012
  -144.64632008]
 [  27.36992246    4.49029519   -7.00646421  -21.17136405  -42.01444897
   -48.40117291  -65.71517346  -70.65378414  -85.49577178  -87.77190112
   -96.47424468  -97.94339048 -115.50722813 -115.50722813 -115.50722813
  -115.50722813 -115.50722813 -115.50722813 -115.50722813 -115.50722813
  -115.50722813 -115.50722813 -115.50722813 -119.80071763 -128.14708624
  -128.14708624 -128.14708624 -128.14708624 -133.79634875 -133.79634875
  -133.79634875 -137.45247676 -137.45247676 -137.45247676 -138.58960501
  -141.00061337 -142.02610685 -142.02610685 -142.02610685 -144.11762732
  -144.11762732]
 [  15.81398252    9.83595972  -21.76204233  -28.65122795  -34.87758384
   -36.61970594  -51.13193432  -63.8613985   -77.7240029   -77.7240029
   -91.51193398  -91.51193398 -102.19000772 -113.86120562 -113.86120562
  -113.86120562 -113.86120562 -113.86120562 -113.86120562 -113.86120562
  -113.86120562 -113.86120562 -113.86120562 -113.86120562 -116.48950221
  -116.48950221 -116.48950221 -125.92794319 -126.84014832 -129.86203832
  -130.72046896 -133.69201326 -135.19251692 -135.19251692 -135.19251692
  -135.46120795 -136.35156255 -138.39993022 -139.07670398 -139.20393476
  -139.20393476]
 [  26.49970906   11.00698988    4.29960651  -11.01439153  -19.13181047
   -31.14796919  -43.70663414  -59.85261289  -68.23292871  -72.48784619
   -76.44101576  -93.68015576  -96.34231465  -96.34231465 -109.56186636
  -117.46492581 -117.46492581 -117.46492581 -117.46492581 -117.46492581
  -117.46492581 -117.46492581 -117.46492581 -117.46492581 -117.46492581
  -117.46492581 -118.30717564 -118.30717564 -128.6462094  -128.6462094
  -129.97098706 -134.12363361 -134.12363361 -134.12363361 -134.12363361
  -134.12363361 -136.54741169 -136.54741169 -140.66015451 -142.29817277
  -142.29817277]
 [  27.83282993    8.93342982   -0.6676368    -9.31757777  -17.04114965
   -30.41859691  -42.36007307  -45.01858653  -64.33769921  -64.33769921
   -75.00086169  -80.20708296  -90.01235558 -101.95779663 -104.11961126
  -113.50015982 -113.50015982 -117.90900966 -117.90900966 -117.90900966
  -118.929934   -119.19746198 -123.92418862 -124.67791732 -124.67791732
  -127.06035799 -128.18020794 -128.18020794 -129.02845891 -129.02845891
  -130.12712019 -131.30127161 -136.06419035 -138.38320743 -138.90457511
  -140.87799363 -140.87799363 -142.54132269 -143.19770602 -143.47351044
  -143.47351044]
 [  26.76930621   14.73885051    2.72674552  -21.92380218  -33.04523955
   -36.38686046  -52.34485841  -64.27365407  -70.1859485   -92.68313771
   -92.68313771 -103.71549142 -105.35830547 -105.35830547 -108.72045587
  -108.72045587 -108.72045587 -108.72045587 -108.72045587 -108.72045587
  -108.72045587 -108.72045587 -108.72045587 -108.72045587 -108.72045587
  -108.72045587 -115.00666239 -115.00666239 -118.32724588 -118.4180291
  -118.4180291  -126.49803638 -134.05486007 -134.05486007 -134.05486007
  -135.16696067 -137.91918529 -140.13305525 -140.13305525 -141.84160483
  -142.06941288]
 [  25.58983718    9.22709025   -3.33952338  -21.25734223  -31.36071035
   -46.46386158  -62.66870387  -62.66870387  -72.80458206  -77.63830964
   -84.53049573 -107.23257243 -107.23257243 -107.23257243 -107.23257243
  -107.23257243 -107.23257243 -107.23257243 -107.23257243 -107.23257243
  -107.23257243 -107.23257243 -107.23257243 -112.50659326 -112.50659326
  -114.71153956 -116.5315503  -120.0986918  -125.36884078 -125.36884078
  -127.28941486 -132.00680418 -133.58519118 -133.58519118 -133.69266854
  -136.35560451 -136.35560451 -136.35560451 -137.68646647 -140.00506223
  -142.76769402]
 [  32.18200987   18.48151737   10.81643896    0.14768181  -21.58118073
   -29.81158434  -33.12201891  -46.69519732  -64.72839067  -85.36325865
   -85.36325865  -93.87673212  -95.71702981 -108.48734964 -110.97922981
  -110.97922981 -110.97922981 -110.97922981 -110.97922981 -110.97922981
  -110.97922981 -110.97922981 -110.97922981 -110.97922981 -110.97922981
  -110.97922981 -113.31944917 -113.61809373 -121.48045766 -121.48045766
  -122.80252763 -125.68918869 -129.2228906  -137.60951297 -137.60951297
  -137.60951297 -137.60951297 -137.60951297 -137.60951297 -141.09948917
  -141.09948917]
 [  35.09249886    3.53650097   -3.53009811   -3.91013935  -20.96944915
   -37.66938957  -43.23379427  -52.08283092  -60.54336948  -72.79665273
   -80.36239175  -95.53334761 -101.986206   -101.986206   -101.986206
  -101.986206   -101.986206   -101.986206   -101.986206   -101.986206
  -101.986206   -102.66866393 -102.66866393 -102.66866393 -102.66866393
  -102.66866393 -102.66866393 -109.90679091 -109.90679091 -109.90679091
  -122.50215947 -122.50215947 -122.50215947 -122.50215947 -129.64033407
  -130.26529391 -132.54445134 -137.84150379 -137.84150379 -137.84150379
  -137.84150379]
 [  35.21358492   10.85072775   -4.10332486  -11.17744381  -33.32605767
   -43.42221065  -43.42221065  -67.53240193  -80.65992925  -80.65992925
   -94.64596817  -94.64596817  -99.4559208   -99.4559208   -99.4559208
   -99.4559208   -99.4559208  -107.30649819 -108.59636051 -108.59636051
  -116.57599942 -116.57599942 -121.07827757 -121.07827757 -121.07827757
  -129.93226844 -129.93226844 -130.31789985 -130.31789985 -130.31789985
  -137.31714564 -137.31714564 -137.31714564 -137.31714564 -137.31714564
  -138.64834473 -139.46007842 -143.61708305 -143.61708305 -143.61708305
  -143.61708305]
 [  22.77401596    7.14589009   -9.72400972  -20.03385245  -23.31762646
   -40.12613896  -58.99819052  -59.93642206  -73.49228083  -78.67834627
   -85.5830459   -94.34176525  -98.41540099  -98.41540099 -102.57961392
  -102.57961392 -102.57961392 -107.90751468 -107.90751468 -107.90751468
  -109.85072509 -109.85072509 -109.85072509 -115.46115121 -119.40328461
  -122.13999048 -122.13999048 -129.01604226 -129.01604226 -129.01604226
  -131.22146047 -131.73767011 -137.60199979 -137.71751799 -141.41178388
  -143.4366442  -143.4366442  -144.2611482  -145.18124488 -145.18124488
  -145.18124488]
 [  25.50443389   17.57144377    1.44751741    1.44751741  -11.17002477
   -14.68746029  -26.51832298  -40.18144492  -57.06733364  -72.32853445
   -72.32853445  -78.70709427  -78.70709427  -89.53151027 -101.63655313
  -102.26461219 -102.26461219 -103.09615936 -115.37107087 -115.37107087
  -115.37107087 -115.37107087 -115.37107087 -115.37107087 -125.97988402
  -125.97988402 -125.97988402 -125.97988402 -125.97988402 -129.09663613
  -129.09663613 -129.09663613 -133.47007685 -135.23761266 -136.70390277
  -140.80721778 -140.80721778 -142.07728586 -142.07728586 -142.07728586
  -142.46305449]
 [  29.90245458   13.97036339   -7.45003861  -25.67719318  -25.74667219
   -41.7328916   -44.68736225  -55.57834051  -74.01308916  -84.85506291
   -84.94228308  -88.87140303 -107.45119787 -107.45119787 -107.45119787
  -107.45119787 -112.07043707 -112.07043707 -112.07043707 -112.07043707
  -112.07043707 -112.07043707 -112.07043707 -112.07043707 -113.56608626
  -113.56608626 -114.32146293 -114.32146293 -118.92046048 -120.27383742
  -130.90496623 -130.90496623 -131.22728056 -132.4825254  -132.4825254
  -132.4825254  -132.50483114 -134.39864458 -134.39864458 -140.15887449
  -140.15887449]
 [  25.76424417    3.62923979    3.62923979  -14.75513815  -25.68655305
   -36.58229773  -44.2532155   -64.82084097  -72.87758144  -91.2258702
   -91.91985385 -110.75405176 -110.75405176 -110.75405176 -110.75405176
  -110.75405176 -110.75405176 -110.75405176 -110.75405176 -110.75405176
  -110.75405176 -110.75405176 -110.75405176 -110.75405176 -112.03879795
  -112.09419815 -112.39676365 -119.52412779 -122.2648412  -122.2648412
  -122.2648412  -124.18665009 -124.68044903 -125.11277361 -125.11277361
  -131.56117746 -134.57638152 -135.72725852 -140.41835161 -140.41835161
  -141.70892699]
 [   9.00462456    6.24231936  -12.20596409  -19.60381365  -24.95674399
   -41.93597357  -53.37753708  -70.36304347  -71.3878349   -92.11538549
   -95.4183066  -113.08619811 -113.08619811 -113.08619811 -113.08619811
  -113.08619811 -113.08619811 -113.08619811 -113.08619811 -113.08619811
  -113.08619811 -113.08619811 -113.08619811 -113.08619811 -114.24313114
  -119.5424957  -125.28955051 -131.11283166 -131.11283166 -131.11283166
  -134.15034008 -134.43523429 -134.43523429 -138.41167961 -138.41167961
  -140.38147992 -144.08096991 -144.08096991 -144.08096991 -145.17296266
  -147.08299709]
 [  12.22881963    5.70666033   -3.08690528  -28.25534504  -37.98374857
   -52.04628469  -57.70660705  -78.1374674   -89.41817886  -92.43649826
   -93.79195244  -96.08913547 -106.89455977 -106.89455977 -106.89455977
  -106.89455977 -109.07188871 -109.07188871 -109.07188871 -109.07188871
  -114.34099809 -119.66044971 -119.66044971 -124.90814187 -124.90814187
  -130.52011371 -130.52011371 -130.52011371 -130.52011371 -130.52011371
  -130.52011371 -137.11854494 -137.11854494 -137.11854494 -139.34306917
  -141.86747764 -142.50608507 -142.50608507 -144.12237212 -144.12237212
  -144.12237212]]
