[[228.15153778 213.93451694 203.26770011 157.25839108 157.25839108
  157.25839108 157.25839108 157.25839108 157.25839108 157.25839108
  157.25839108 157.25839108 157.25839108 157.25839108 157.25839108
  157.25839108 157.25839108 157.25839108 157.25839108 157.25839108
  157.25839108 157.25839108 157.25839108 157.25839108 157.25839108
  157.25839108 157.25839108 157.25839108 157.25839108 157.25839108
  157.25839108 157.25839108 157.25839108 157.25839108 157.25839108
  157.25839108 157.25839108 157.25839108 157.25839108 157.25839108
  157.25839108]
 [243.00063681 232.41932459 229.2587486  226.03961483 220.16707676
  203.75512588 203.75512588 203.75512588 203.75512588 203.75512588
  203.75512588 203.75512588 203.75512588 203.75512588 203.75512588
  203.75512588 203.75512588 203.75512588 203.75512588 203.75512588
  203.75512588 203.75512588 203.75512588 203.75512588 203.75512588
  203.75512588 203.75512588 203.75512588 203.75512588 203.75512588
  203.75512588 203.75512588 203.75512588 203.75512588 203.75512588
  203.75512588 203.75512588 203.75512588 203.75512588 203.75512588
  203.75512588]
 [231.85563804 209.72302921 197.89610286 197.89610286 196.46538088
  177.17649707 177.17649707 177.17649707 177.17649707 177.17649707
  177.17649707 177.17649707 177.17649707 177.17649707 177.17649707
  177.17649707 177.17649707 177.17649707 177.17649707 177.17649707
  177.17649707 177.17649707 177.17649707 177.17649707 177.17649707
  177.17649707 177.17649707 177.17649707 177.17649707 177.17649707
  177.17649707 177.17649707 177.17649707 177.17649707 177.17649707
  177.17649707 177.17649707 177.17649707 177.17649707 177.17649707
  177.17649707]
 [237.46286004 217.60445144 214.79260233 209.12815555 197.19496869
  197.19496869 197.19496869 197.19496869 197.19496869 197.19496869
  197.19496869 197.19496869 197.19496869 197.19496869 197.19496869
  197.19496869 197.19496869 197.19496869 197.19496869 197.19496869
  197.19496869 197.19496869 197.19496869 197.19496869 197.19496869
  197.19496869 197.19496869 197.19496869 197.19496869 197.19496869
  197.19496869 197.19496869 197.19496869 197.19496869 197.19496869
  197.19496869 197.19496869 197.19496869 197.19496869 197.19496869
  197.19496869]
 [229.37188738 205.4398644  196.19973611 196.01667509 168.18738469
  168.18738469 168.18738469 168.18738469 168.18738469 168.18738469
  168.18738469 168.18738469 168.18738469 168.18738469 168.18738469
  168.18738469 168.18738469 168.18738469 168.18738469 168.18738469
  168.18738469 168.18738469 168.18738469 168.18738469 168.18738469
  168.18738469 168.18738469 168.18738469 168.18738469 168.18738469
  168.18738469 168.18738469 168.18738469 168.18738469 168.18738469
  168.18738469 168.18738469 168.18738469 168.18738469 168.18738469
  168.18738469]
 [239.06285373 233.44265625 218.3279934  216.13499543 193.75964872
  162.40157188 162.40157188 162.40157188 162.40157188 162.40157188
  162.40157188 162.40157188 162.40157188 162.40157188 162.40157188
  162.40157188 162.40157188 162.40157188 162.40157188 162.40157188
  162.40157188 162.40157188 162.40157188 162.40157188 162.40157188
  162.40157188 162.40157188 162.40157188 162.40157188 162.40157188
  162.40157188 162.40157188 162.40157188 162.40157188 162.40157188
  162.40157188 162.40157188 162.40157188 162.40157188 162.40157188
  162.40157188]
 [235.15652509 216.65123431 205.73311049 199.89321502 196.93484241
  190.04437343 190.04437343 190.04437343 190.04437343 190.04437343
  190.04437343 190.04437343 190.04437343 190.04437343 190.04437343
  190.04437343 190.04437343 190.04437343 190.04437343 190.04437343
  190.04437343 190.04437343 190.04437343 190.04437343 190.04437343
  190.04437343 190.04437343 190.04437343 190.04437343 190.04437343
  190.04437343 190.04437343 190.04437343 190.04437343 190.04437343
  190.04437343 190.04437343 190.04437343 190.04437343 190.04437343
  190.04437343]
 [248.88278274 231.43870059 218.19788318 218.19788318 204.74874192
  204.74874192 204.74874192 204.74874192 204.74874192 204.74874192
  204.74874192 204.74874192 204.74874192 204.74874192 204.74874192
  204.74874192 204.74874192 204.74874192 204.74874192 204.74874192
  204.74874192 204.74874192 204.74874192 204.74874192 204.74874192
  204.74874192 204.74874192 204.74874192 204.74874192 204.74874192
  204.74874192 204.74874192 204.74874192 204.74874192 204.74874192
  204.74874192 204.74874192 204.74874192 204.74874192 204.74874192
  204.74874192]
 [233.11625943 218.77375625 209.75953853 194.92212623 194.92212623
  173.14028981 173.14028981 173.14028981 173.14028981 173.14028981
  173.14028981 173.14028981 173.14028981 173.14028981 173.14028981
  173.14028981 173.14028981 173.14028981 173.14028981 173.14028981
  173.14028981 173.14028981 173.14028981 173.14028981 173.14028981
  173.14028981 173.14028981 173.14028981 173.14028981 173.14028981
  173.14028981 173.14028981 173.14028981 173.14028981 173.14028981
  173.14028981 173.14028981 173.14028981 173.14028981 173.14028981
  173.14028981]
 [245.39167827 230.2532201  220.16200138 213.47417636 199.83737235
  199.83737235 199.83737235 199.83737235 199.83737235 199.83737235
  199.83737235 199.83737235 199.83737235 199.83737235 199.83737235
  199.83737235 199.83737235 199.83737235 199.83737235 199.83737235
  199.83737235 199.83737235 199.83737235 199.83737235 199.83737235
  199.83737235 199.83737235 199.83737235 199.83737235 199.83737235
  199.83737235 199.83737235 199.83737235 199.83737235 199.83737235
  199.83737235 199.83737235 199.83737235 199.83737235 199.83737235
  199.83737235]
 [242.99808715 221.7192001  203.16078816 187.60665685 187.60665685
  186.73609352 186.73609352 186.73609352 186.73609352 186.73609352
  186.73609352 186.73609352 186.73609352 186.73609352 186.73609352
  186.73609352 186.73609352 186.73609352 186.73609352 186.73609352
  186.73609352 186.73609352 186.73609352 186.73609352 186.73609352
  186.73609352 186.73609352 186.73609352 186.73609352 186.73609352
  186.73609352 186.73609352 186.73609352 186.73609352 186.73609352
  186.73609352 186.73609352 186.73609352 186.73609352 186.73609352
  186.73609352]
 [236.18658862 230.03998649 196.45845163 187.41299078 187.41299078
  187.41299078 187.41299078 187.41299078 187.41299078 187.41299078
  187.41299078 187.41299078 187.41299078 187.41299078 187.41299078
  187.41299078 187.41299078 187.41299078 187.41299078 187.41299078
  187.41299078 187.41299078 187.41299078 187.41299078 187.41299078
  187.41299078 187.41299078 187.41299078 187.41299078 187.41299078
  187.41299078 187.41299078 187.41299078 187.41299078 187.41299078
  187.41299078 187.41299078 187.41299078 187.41299078 187.41299078
  187.41299078]
 [237.82242608 211.82030685 204.28887656 204.15177973 171.3692956
  171.3692956  171.3692956  171.3692956  171.3692956  171.3692956
  171.3692956  171.3692956  171.3692956  171.3692956  171.3692956
  171.3692956  171.3692956  171.3692956  171.3692956  171.3692956
  171.3692956  171.3692956  171.3692956  171.3692956  171.3692956
  171.3692956  171.3692956  171.3692956  171.3692956  171.3692956
  171.3692956  171.3692956  171.3692956  171.3692956  171.3692956
  171.3692956  171.3692956  171.3692956  171.3692956  171.3692956
  171.3692956 ]
 [241.7093807  233.63387401 205.72806804 205.72806804 185.11247164
  185.11247164 185.11247164 185.11247164 185.11247164 185.11247164
  185.11247164 185.11247164 185.11247164 185.11247164 185.11247164
  185.11247164 185.11247164 185.11247164 185.11247164 185.11247164
  185.11247164 185.11247164 185.11247164 185.11247164 185.11247164
  185.11247164 185.11247164 185.11247164 185.11247164 185.11247164
  185.11247164 185.11247164 185.11247164 185.11247164 185.11247164
  185.11247164 185.11247164 185.11247164 185.11247164 185.11247164
  185.11247164]
 [236.3150957  223.85276493 217.80999431 207.50230938 198.41641138
  174.58421117 174.58421117 174.58421117 174.58421117 174.58421117
  174.58421117 174.58421117 174.58421117 174.58421117 174.58421117
  174.58421117 174.58421117 174.58421117 174.58421117 174.58421117
  174.58421117 174.58421117 174.58421117 174.58421117 174.58421117
  174.58421117 174.58421117 174.58421117 174.58421117 174.58421117
  174.58421117 174.58421117 174.58421117 174.58421117 174.58421117
  174.58421117 174.58421117 174.58421117 174.58421117 174.58421117
  174.58421117]
 [232.1087788  228.76349586 209.9347841  207.96980386 178.8750255
  178.8750255  178.8750255  178.8750255  178.8750255  178.8750255
  178.8750255  178.8750255  178.8750255  178.8750255  178.8750255
  178.8750255  178.8750255  178.8750255  178.8750255  178.8750255
  178.8750255  178.8750255  178.8750255  178.8750255  178.8750255
  178.8750255  178.8750255  178.8750255  178.8750255  178.8750255
  178.8750255  178.8750255  178.8750255  178.8750255  178.8750255
  178.8750255  178.8750255  178.8750255  178.8750255  178.8750255
  178.8750255 ]
 [237.68912861 212.98034013 201.54444045 178.2271102  172.30714612
  172.30714612 172.30714612 172.30714612 172.30714612 172.30714612
  172.30714612 172.30714612 172.30714612 172.30714612 172.30714612
  172.30714612 172.30714612 172.30714612 172.30714612 172.30714612
  172.30714612 172.30714612 172.30714612 172.30714612 172.30714612
  172.30714612 172.30714612 172.30714612 172.30714612 172.30714612
  172.30714612 172.30714612 172.30714612 172.30714612 172.30714612
  172.30714612 172.30714612 172.30714612 172.30714612 172.30714612
  172.30714612]
 [232.78752564 221.21379679 209.58339485 190.64246475 189.67133223
  189.67133223 189.67133223 189.67133223 189.67133223 189.67133223
  189.67133223 189.67133223 189.67133223 189.67133223 189.67133223
  189.67133223 189.67133223 189.67133223 189.67133223 189.67133223
  189.67133223 189.67133223 189.67133223 189.67133223 189.67133223
  189.67133223 189.67133223 189.67133223 189.67133223 189.67133223
  189.67133223 189.67133223 189.67133223 189.67133223 189.67133223
  189.67133223 189.67133223 189.67133223 189.67133223 189.67133223
  189.67133223]
 [239.49341466 224.25772998 215.90228701 200.5653399  191.67332836
  191.67332836 191.67332836 191.67332836 191.67332836 191.67332836
  191.67332836 191.67332836 191.67332836 191.67332836 191.67332836
  191.67332836 191.67332836 191.67332836 191.67332836 191.67332836
  191.67332836 191.67332836 191.67332836 191.67332836 191.67332836
  191.67332836 191.67332836 191.67332836 191.67332836 191.67332836
  191.67332836 191.67332836 191.67332836 191.67332836 191.67332836
  191.67332836 191.67332836 191.67332836 191.67332836 191.67332836
  191.67332836]
 [233.1684615  223.31777278 222.04498678 212.58324651 190.11210039
  175.4194933  175.4194933  175.4194933  175.4194933  175.4194933
  175.4194933  175.4194933  175.4194933  175.4194933  175.4194933
  175.4194933  175.4194933  175.4194933  175.4194933  175.4194933
  175.4194933  175.4194933  175.4194933  175.4194933  175.4194933
  175.4194933  175.4194933  175.4194933  175.4194933  175.4194933
  175.4194933  175.4194933  175.4194933  175.4194933  175.4194933
  175.4194933  175.4194933  175.4194933  175.4194933  175.4194933
  175.4194933 ]
 [234.11968393 216.48538532 216.48538532 199.78604506 187.11993416
  186.01394557 186.01394557 186.01394557 186.01394557 186.01394557
  186.01394557 186.01394557 186.01394557 186.01394557 186.01394557
  186.01394557 186.01394557 186.01394557 186.01394557 186.01394557
  186.01394557 186.01394557 186.01394557 186.01394557 186.01394557
  186.01394557 186.01394557 186.01394557 186.01394557 186.01394557
  186.01394557 186.01394557 186.01394557 186.01394557 186.01394557
  186.01394557 186.01394557 186.01394557 186.01394557 186.01394557
  186.01394557]
 [240.72371292 223.60641466 204.43074836 185.58588379 176.3348744
  170.81948266 170.81948266 170.81948266 170.81948266 170.81948266
  170.81948266 170.81948266 170.81948266 170.81948266 170.81948266
  170.81948266 170.81948266 170.81948266 170.81948266 170.81948266
  170.81948266 170.81948266 170.81948266 170.81948266 170.81948266
  170.81948266 170.81948266 170.81948266 170.81948266 170.81948266
  170.81948266 170.81948266 170.81948266 170.81948266 170.81948266
  170.81948266 170.81948266 170.81948266 170.81948266 170.81948266
  170.81948266]
 [239.75499685 225.56288274 217.45295385 189.18846313 189.18846313
  189.18846313 189.18846313 189.18846313 189.18846313 189.18846313
  189.18846313 189.18846313 189.18846313 189.18846313 189.18846313
  189.18846313 189.18846313 189.18846313 189.18846313 189.18846313
  189.18846313 189.18846313 189.18846313 189.18846313 189.18846313
  189.18846313 189.18846313 189.18846313 189.18846313 189.18846313
  189.18846313 189.18846313 189.18846313 189.18846313 189.18846313
  189.18846313 189.18846313 189.18846313 189.18846313 189.18846313
  189.18846313]
 [238.72035424 225.12869418 213.3932701  203.51498554 203.51498554
  203.51498554 203.51498554 203.51498554 203.51498554 203.51498554
  203.51498554 203.51498554 203.51498554 203.51498554 203.51498554
  203.51498554 203.51498554 203.51498554 203.51498554 203.51498554
  203.51498554 203.51498554 203.51498554 203.51498554 203.51498554
  203.51498554 203.51498554 203.51498554 203.51498554 203.51498554
  203.51498554 203.51498554 203.51498554 203.51498554 203.51498554
  203.51498554 203.51498554 203.51498554 203.51498554 203.51498554
  203.51498554]
 [223.78772195 223.78772195 207.21955674 193.10945271 191.7639579
  186.38691595 186.38691595 186.38691595 186.38691595 186.38691595
  186.38691595 186.38691595 186.38691595 186.38691595 186.38691595
  186.38691595 186.38691595 186.38691595 186.38691595 186.38691595
  186.38691595 186.38691595 186.38691595 186.38691595 186.38691595
  186.38691595 186.38691595 186.38691595 186.38691595 186.38691595
  186.38691595 186.38691595 186.38691595 186.38691595 186.38691595
  186.38691595 186.38691595 186.38691595 186.38691595 186.38691595
  186.38691595]]
