[[664.21510502 639.76735974 626.87149731 609.75339068 593.54108887
  574.9352541  553.3202117  536.98152682 524.22270778 506.72050358
  495.22841297 481.32844129 473.59417857 459.5299948  459.5299948
  459.5299948  457.334416   457.334416   457.334416   457.334416
  457.334416   457.334416   457.334416   457.334416   448.25901558
  447.06334137 446.83526307 446.83526307 446.83526307 446.38815249
  431.54473014 431.54473014 421.25115842 421.25115842 421.2309907
  418.85052795 418.85052795 412.79560085 412.79560085 412.79560085
  412.79560085]
 [661.20393114 646.70990362 636.99225268 626.0860921  605.49251716
  585.0308669  561.76890017 542.47467163 542.47467163 523.07591427
  523.07591427 488.53360588 488.53360588 488.53360588 475.38973283
  468.09986858 462.33374621 457.17703765 454.00222251 454.00222251
  454.00222251 454.00222251 454.00222251 454.00222251 454.00222251
  454.00222251 454.00222251 454.00222251 450.2700803  450.2700803
  435.5928406  435.5928406  432.8355115  432.03419394 430.1290046
  419.42340991 416.04774613 415.13139946 411.71073414 410.66536481
  409.00784351]
 [663.89442362 641.65729042 625.85066669 608.2671105  589.41021026
  564.83652577 548.75666412 543.01380433 527.00551223 503.70603648
  500.63427223 490.89810733 465.80112119 465.52109742 464.79251332
  454.7827516  454.7827516  454.7827516  454.7827516  454.7827516
  454.7827516  454.7827516  454.7827516  454.7827516  454.7827516
  454.7827516  454.7827516  454.7827516  454.7827516  454.7827516
  437.41951076 437.41951076 437.41951076 434.71200332 429.89958878
  418.96827319 418.96827319 418.96827319 418.96827319 412.28374845
  412.28374845]
 [662.63520323 644.92592121 624.10391431 604.23498964 594.12890241
  572.92377328 556.08881141 524.79420149 517.83270676 511.24369461
  509.01627689 479.69670906 467.51137108 465.92042129 454.90903062
  454.90903062 454.90903062 454.90903062 454.90903062 449.02252017
  449.02252017 449.02252017 449.02252017 445.29605766 445.29605766
  445.29605766 445.29605766 442.03148553 439.99223356 432.71415256
  432.71415256 423.72181933 419.91313778 419.91313778 415.51287929
  415.51287929 408.29138614 408.29138614 408.29138614 408.29138614
  408.29138614]
 [636.53047141 622.99682319 613.05139067 601.62967887 584.66032166
  563.43338961 537.72449298 526.84170055 510.16464371 506.32432218
  471.03817971 471.03817971 470.18596164 452.005074   449.13605021
  449.13605021 449.13605021 445.85389195 445.85389195 445.85389195
  445.85389195 445.85389195 445.85389195 445.85389195 445.85389195
  445.85389195 444.30827215 438.60325053 438.60325053 438.60325053
  435.15471819 422.82742596 422.82742596 420.17475241 420.17475241
  418.29033158 411.8688177  410.41088484 407.26013156 407.26013156
  406.97538131]
 [647.3674087  629.47255984 615.52381825 597.08446625 581.06894866
  563.89750902 513.61062943 513.61062943 503.63144641 496.77439742
  477.45173575 461.99760492 461.99760492 458.62709942 449.69334044
  449.69334044 449.69334044 449.69334044 449.69334044 449.69334044
  449.69334044 449.69334044 449.69334044 449.69334044 449.69334044
  449.11862107 442.69480286 428.98854226 428.98854226 428.98854226
  428.98854226 428.84265242 428.84265242 426.18103208 426.18103208
  413.5991012  413.5991012  413.5991012  413.5991012  412.38740056
  412.38740056]
 [657.1071175  635.68806458 619.82495676 611.05918187 593.05084475
  569.22906814 566.81355888 545.70179463 532.03840675 519.32933839
  508.34225672 490.8668976  477.30787296 463.63397984 455.93366455
  455.93366455 455.93366455 455.93366455 455.93366455 450.11396844
  450.11396844 450.11396844 450.11396844 449.54230452 449.54230452
  449.54230452 449.54230452 449.54230452 444.54068858 441.76503053
  435.92231705 435.92231705 429.42005609 428.88872588 424.48899526
  424.48899526 423.64334997 423.64334997 416.45950669 416.2982107
  416.2982107 ]
 [647.81764491 634.13748834 633.83739166 604.53550823 587.63863854
  574.63773817 557.99506057 538.779002   526.31944337 520.87548597
  497.35348478 471.49632309 471.49632309 462.86470499 462.86470499
  462.86470499 462.86470499 462.86470499 462.86470499 462.86470499
  462.86470499 462.86470499 462.86470499 462.86470499 462.86470499
  462.86470499 462.86470499 462.86470499 459.82683609 459.82683609
  449.30448103 441.6319153  434.09580223 426.94465778 425.00357057
  421.2592612  415.78972582 415.78972582 413.13763871 413.13763871
  413.13763871]
 [635.78069514 635.78069514 625.17042378 609.04655099 586.88088315
  568.84009069 558.88408598 537.25397404 500.9367882  500.9367882
  498.8290196  484.39047606 484.39047606 481.42416218 456.60408973
  456.60408973 456.60408973 454.98117947 454.98117947 454.98117947
  445.08349736 445.08349736 445.08349736 445.08349736 442.55436222
  431.13061758 431.13061758 422.5218205  422.5218205  416.03615309
  416.03615309 413.66333905 413.66333905 413.66333905 413.66333905
  411.74249102 410.47654642 407.95236246 407.95236246 406.11033152
  402.14242414]
 [650.01013551 636.52741881 616.60607165 604.39766194 583.57402424
  572.55508995 536.87675319 531.6590278  521.16605302 521.16605302
  501.00666814 495.87195994 473.80187347 473.80187347 466.43201548
  462.18319886 462.18319886 462.18319886 458.1031773  458.1031773
  458.1031773  458.1031773  458.1031773  445.29442215 445.29442215
  438.10516417 438.10516417 438.10516417 438.10516417 434.97559517
  432.61109594 427.36211759 426.66556163 425.13406744 415.39441196
  415.39441196 415.39441196 415.39441196 415.31162563 412.17182693
  411.48863511]
 [662.01714135 650.93362819 639.47257685 621.44226201 604.34850991
  594.11076498 574.83486166 550.78005243 548.08507332 531.20318033
  519.72894567 497.39075197 483.3419021  463.29412183 463.29412183
  459.83959763 448.2143075  441.09006859 441.09006859 441.09006859
  441.09006859 441.09006859 441.09006859 441.09006859 438.76063622
  438.76063622 432.96480247 432.96480247 432.96480247 425.49134183
  425.49134183 422.08196827 420.124703   416.92010003 413.41623269
  413.41623269 413.41623269 413.41623269 413.41623269 409.81764363
  409.58118501]
 [643.8846035  641.58391819 619.51284138 602.73865176 590.70135824
  584.67382271 562.13306563 543.36044043 516.53567993 511.34868644
  490.38167993 481.63233669 476.39446322 460.97381283 460.97381283
  460.97381283 458.16386307 458.16386307 453.32370692 453.32370692
  453.32370692 453.32370692 453.32370692 448.7521293  448.7521293
  448.7521293  448.7521293  447.66566416 434.65754563 434.65754563
  434.65754563 431.31814208 429.04821507 421.02501754 413.10942444
  413.10942444 413.10942444 413.08513477 410.36817419 410.36817419
  407.89907846]
 [644.49912111 628.86454544 622.04113418 592.37787792 579.98527579
  552.11289823 530.31564781 530.31564781 506.87754552 484.31030397
  479.16478611 475.48491609 475.48491609 475.48491609 475.48491609
  475.48491609 475.48491609 475.48491609 475.48491609 475.48491609
  475.48491609 475.48491609 462.61021826 462.61021826 462.61021826
  462.61021826 454.28193736 454.28193736 454.28193736 446.02871329
  435.70195799 435.70195799 435.70195799 431.12013156 427.9134143
  424.55367632 421.10579551 418.27407112 412.85034473 412.85034473
  412.85034473]
 [650.50639981 644.16239956 622.63408568 608.61948801 586.58128786
  578.82257333 543.20382788 516.11505626 516.11505626 503.98883691
  490.78027151 483.43543845 476.50703364 460.3047897  457.65773662
  457.65773662 457.65773662 457.65773662 457.65773662 457.65773662
  457.65773662 457.65773662 457.65773662 457.32529016 444.99718106
  444.99718106 432.32204857 432.32204857 429.3406927  419.37708068
  419.37708068 419.37708068 419.37708068 419.37708068 413.83089305
  413.83089305 413.83089305 409.59029033 408.942162   407.91511392
  407.62444964]
 [655.5648921  624.09015083 608.46516034 600.34804468 587.00405737
  564.95576646 554.27603174 536.91566842 524.21010566 511.56180605
  501.35279109 477.21903989 477.21903989 469.2033817  452.53842973
  452.53842973 452.53842973 450.06688904 450.06688904 450.06688904
  450.06688904 450.06688904 450.06688904 450.06688904 450.06688904
  450.06688904 449.1258403  449.1258403  437.40784273 437.40784273
  437.40784273 431.42103107 431.42103107 420.70331868 420.70331868
  420.70331868 415.92816489 415.92816489 411.98952741 411.98952741
  410.0949071 ]
 [656.56484463 642.41922707 628.94787729 613.89632209 596.78996912
  578.80072896 571.36648565 560.20680679 551.21742037 549.77776849
  526.7523537  499.71902795 497.98121778 484.57320438 476.83419709
  462.48547028 462.48547028 462.48547028 462.48547028 449.14035896
  449.14035896 440.95674982 440.95674982 440.95674982 440.95674982
  439.92271248 439.92271248 439.92271248 432.54075849 432.54075849
  430.72135771 421.62270782 421.62270782 421.62270782 417.96146505
  417.96146505 412.32527309 412.32527309 409.44661663 409.44661663
  406.62398769]
 [639.29536674 639.29536674 617.66166465 588.09101121 564.55090568
  553.86301992 543.08873473 528.99190299 503.02267255 492.99865485
  480.94205256 465.78146573 465.78146573 465.78146573 465.78146573
  458.99920592 458.99920592 458.99920592 458.99920592 448.21700182
  448.21700182 448.21700182 448.21700182 443.22167438 443.22167438
  443.22167438 440.95482291 438.00249903 436.22515674 433.42423045
  422.22677441 422.22677441 422.22677441 422.22677441 421.01699244
  419.26473627 416.68283734 416.68283734 416.68283734 416.43535996
  410.28085795]
 [661.52113904 638.12219564 628.20974326 590.12949365 578.97640586
  561.46294436 560.09760195 545.07631131 541.03639351 525.98624722
  501.09044375 494.74829844 491.15693784 480.22218724 480.22218724
  462.59348445 462.59348445 462.59348445 462.59348445 462.59348445
  462.59348445 448.37096932 444.35612452 444.35612452 444.35612452
  439.14159627 439.14159627 432.27186065 432.27186065 427.59193924
  427.59193924 420.71844616 417.83611134 414.6018519  414.6018519
  414.6018519  412.52911826 412.52911826 410.72885488 409.33196088
  407.08362538]
 [651.48761581 637.0370899  614.9239494  600.75772497 570.09931044
  562.68175727 556.58539178 531.97416209 530.4025185  520.77195905
  498.41551273 489.4063368  478.66314103 456.55160474 456.55160474
  455.5453613  455.5453613  455.5453613  455.5453613  455.5453613
  455.5453613  455.54404076 455.54404076 455.54404076 455.54404076
  454.39811928 447.83410708 443.06001889 443.06001889 434.21314166
  433.55697886 433.55697886 429.98341178 429.98341178 427.62948402
  427.62948402 424.15965612 416.39610076 412.61601148 411.68099329
  411.68099329]
 [660.37985301 655.44956998 638.33800116 614.63871141 588.25359966
  579.85348603 557.36967654 552.72568393 538.43989373 538.43989373
  527.66393159 514.28335645 487.16169297 487.16169297 487.15047154
  476.04886323 461.20899136 461.20899136 461.20899136 452.79896296
  452.79896296 452.79896296 452.79896296 452.79896296 452.79896296
  452.79896296 452.79896296 452.79896296 447.84905244 437.67543277
  434.71657877 434.71657877 425.82866473 425.82866473 425.82866473
  425.82866473 424.22201752 424.22201752 412.29047169 412.29047169
  412.29047169]
 [665.70003568 642.07284147 623.71398007 607.59585572 587.91891266
  581.38211577 563.39944524 549.05989347 526.12604718 517.4593653
  502.85322812 463.72125918 455.86852719 455.86852719 455.86852719
  455.86852719 454.92565958 450.09182749 450.09182749 450.09182749
  450.09182749 450.09182749 450.09182749 450.09182749 450.09182749
  450.09182749 444.04511605 432.44546662 432.44546662 428.06020767
  424.27719404 420.25186537 420.02677656 419.67883338 418.16057385
  415.47263654 412.74916406 410.5224737  410.5224737  410.21031978
  410.10707726]
 [645.90570769 630.96261974 606.98608577 595.62081089 578.72723245
  570.4330729  545.22094201 531.42770913 513.48911583 503.26227258
  480.70920161 468.00599126 468.00599126 468.00599126 468.00599126
  463.26806795 462.03180593 456.42441931 456.42441931 455.56202268
  455.56202268 455.56202268 455.56202268 455.56202268 448.5442123
  448.5442123  448.5442123  440.65195885 438.43603644 430.64231124
  430.64231124 425.73035744 418.07274168 418.07274168 418.07274168
  418.07274168 418.07274168 418.07274168 415.00517308 411.2306952
  411.2306952 ]
 [663.348653   645.37175847 616.48130837 598.68328284 584.35688561
  562.29991146 544.60446068 538.58511989 529.58172011 494.95047342
  494.95047342 494.95047342 487.11625305 477.50625819 477.50625819
  465.49418063 465.49418063 465.49418063 465.49418063 465.49418063
  465.49418063 465.49418063 465.49418063 465.49418063 465.49418063
  465.49418063 465.49418063 458.81387539 458.81387539 450.20149194
  436.10367494 436.10367494 434.61799865 423.48401727 422.9011621
  420.30106739 419.49450671 411.54409898 411.54409898 411.54409898
  411.54409898]
 [659.1390592  637.81343091 624.19229804 615.75487598 590.14652799
  588.65989882 569.68883761 553.52203264 538.68905104 519.75261591
  514.38336952 488.82140495 476.64488387 466.32656653 466.18969902
  454.15772302 454.15772302 454.15772302 444.32730235 444.32730235
  444.32730235 444.32730235 444.32730235 444.32730235 444.32730235
  444.32730235 430.93933378 430.93933378 430.93933378 430.93933378
  430.93933378 424.75193122 424.75193122 422.34244112 422.20229411
  419.11602514 417.36487116 416.41479851 413.13042658 409.03478144
  408.70281886]
 [669.68878488 653.73399096 639.32280691 624.10479744 606.20945307
  597.10784979 575.17402722 566.1498662  535.51938038 515.7869034
  502.91348116 485.75134466 479.59433109 457.50483939 446.69068569
  440.22805273 440.22805273 440.22805273 440.22805273 440.22805273
  440.22805273 440.22805273 440.22805273 440.22805273 440.22805273
  440.22805273 440.22805273 440.22805273 440.22805273 440.22805273
  440.22805273 440.22805273 438.57054217 437.98645572 426.53581835
  426.53581835 423.67825158 421.24457976 420.10332261 418.68712804
  414.52697718]]
